51,69,91,69,91,113,51,113,2.
110,70,250,70,250,118,110,118,Phrasx
267,79,375,79,375,121,267,121,flod-
148,178,286,178,286,232,148,232,Pajnex
302,188,582,188,582,240,302,240,pec-fvrrw locs-|
595,201,757,201,757,237,595,237,Conccticn
802,206,858,206,858,236,802,236,on
878,202,1024,202,1024,232,878,232,Neuurcoin "
1026,198,1208,198,1208,250,1026,250,~9 irpets
1219,197,1380,197,1380,237,1219,237,whan the
161,287,258,287,258,328,161,328,emr
288,296,320,296,320,328,288,328,3
340,292,525,292,525,332,340,332,disCoensd
146,394,196,394,196,444,146,444,Jt
215,411,365,411,365,453,215,453,nspiael)
377,411,443,411,443,447,377,447,tba
461,406,575,406,575,457,461,457,Pry;
585,409,623,409,623,449,585,449,0
640,399,990,399,990,454,640,454,rrrouning inpu bj
1018,404,1100,404,1100,432,1018,432,A6tn
1239,401,1484,401,1484,441,1239,441,tnod alloes +lt
216,488,316,488,316,520,216,520,0nser
348,492,388,492,388,524,348,524,+o
505,499,615,499,615,535,505,535,0n i+
626,504,796,504,796,536,626,536,enlussm
149,609,251,609,251,651,149,651,Camr
268,608,441,608,441,649,268,649,Conector
456,616,492,616,492,646,456,646,8
508,609,668,609,668,661,508,661,dlicudt
692,618,800,618,800,650,692,650,eshen
823,619,931,619,931,655,823,655,actuc 
942,622,1020,622,1020,646,942,646,em
1042,622,1152,622,1152,652,1042,652,Ouu>
1174,608,1471,608,1471,659,1174,659,bfue tl Point
225,692,397,692,397,747,225,747,Qetrstimn
112,830,208,830,208,878,112,878,Em
226,842,450,842,450,890,226,890,poducticcva
120,970,172,970,172,1026,120,1026,9
203,987,381,987,381,1027,203,1027,we Ryrw
407,987,482,987,482,1027,407,1027,tF
499,992,643,992,643,1029,499,1029,C0310 `
654,996,754,996,754,1024,654,1024,Ux
775,995,863,995,863,1033,775,1033,tncs
880,1000,954,1000,954,1032,880,1032,Con
968,998,1016,998,1016,1030,968,1030,be
1038,998,1279,998,1279,1041,1038,1041,entocntuud,
1294,1014,1348,1014,1348,1038,1294,1038,we
1362,1008,1434,1008,1434,1034,1362,1034,can
143,1073,308,1073,308,1122,143,1122,aucfrrunt
346,1078,626,1078,626,1131,346,1131,th Frenmwa^
642,1078,704,1078,704,1128,642,1128,2
717,1089,785,1089,785,1129,717,1129,tha
795,1088,988,1088,988,1149,795,1149,~lanaucat
1008,1092,1342,1092,1342,1140,1008,1140,ctr Productior?
1367,1091,1449,1091,1449,1127,1367,1127,fat
138,1164,298,1164,298,1214,138,1214,&emuod
312,1178,494,1178,494,1204,312,1204,@ntrdju?
532,1176,731,1176,731,1226,532,1226,Costrvct
105,1282,189,1282,189,1322,105,1322,Wse
199,1287,271,1287,271,1325,199,1325,4b
294,1300,372,1300,372,1324,294,1324,V)
399,1303,581,1303,581,1343,399,1343,fvamwron
615,1295,713,1295,713,1333,615,1333,bitn
723,1290,1101,1290,1101,1346,723,1346,avgmentad  Product "
1096,1304,1158,1304,1158,1330,1096,1330,c >
1176,1300,1214,1300,1214,1326,1176,1326,in
1297,1297,1461,1297,1461,1339,1297,1339,Procv &
129,1362,290,1362,290,1426,129,1426,ponsira:
191,1485,278,1485,278,1526,191,1526,Cox
298,1489,674,1489,674,1544,298,1544,an er prducto
684,1500,716,1500,716,1534,684,1534,0
728,1510,832,1510,832,1542,728,1542,Wses
834,1504,1026,1504,1026,1558,834,1558,by Aensea
1056,1485,1443,1485,1443,1551,1056,1551,Jensal  opprokriat
361,1585,569,1585,569,1621,361,1621,+ iuicM
578,1590,654,1590,654,1622,578,1622,m
662,1596,758,1596,758,1620,662,1620,eni
784,1594,826,1594,826,1624,784,1624,0r
837,1596,928,1596,928,1627,837,1627,ent
952,1595,1157,1595,1157,1637,952,1637,Cowtwchs-
124,1722,284,1722,284,1770,124,1770,6 leba
311,1725,540,1725,540,1776,311,1776,Corectian
117,1855,195,1855,195,1891,117,1891,T
219,1855,353,1855,353,1897,219,1897,air &
379,1857,541,1857,541,1901,379,1901,to role
560,1868,615,1868,615,1899,560,1899,0>
622,1856,717,1856,717,1907,622,1907,Reuss
888,1876,936,1876,936,1906,888,1906,03
938,1866,1095,1866,1095,1919,938,1919,Possibic
1122,1872,1216,1872,1216,1904,1122,1904,Ohtl
1392,1870,1454,1870,1454,1896,1392,1896,cn
720,1870,867,1870,867,1927,720,1927,chanes
128,1940,621,1940,621,2008,128,2008,incomrect) i~pur 6tr*8 +
633,1951,779,1951,779,1989,633,1989,a~ald
109,2045,221,2045,221,2083,109,2083,Giver
248,2056,314,2056,314,2084,248,2084,Ou
335,2051,505,2051,505,2089,335,2089,incocs
508,2050,613,2050,613,2107,508,2107,ixped
709,2051,805,2051,805,2113,709,2113,Jnd
856,2062,1048,2062,1048,2112,856,2112,poxse +u
1066,2052,1120,2052,1120,2102,1066,2102,6
1181,2071,1317,2071,1317,2109,1181,2109,nebotud
1323,2070,1466,2070,1466,2127,1323,2127,btrivd ^
150,2136,200,2136,200,2166,150,2166,W
280,2135,471,2135,471,2182,280,2182,fh &inn
485,2137,655,2137,655,2179,485,2179,Gramtbn
687,2137,745,2137,745,2175,687,2175,S+
774,2146,840,2146,840,2178,774,2178,tre
864,2142,914,2142,914,2172,864,2172,
980,2137,1139,2137,1139,2182,980,2182,chanars
1158,2140,1377,2140,1377,2182,1158,2182,ruatild +
1116,390,1227,405,1219,449,1107,434,staa
406,486,501,509,489,550,395,527,Cmnd
1223,1292,1291,1303,1285,1333,1218,1322,+
134,1558,350,1587,338,1646,122,1616,dio-Tonusto
1228,1849,1387,1873,1378,1918,1219,1895,cmycttd
783,1942,926,1963,917,2012,774,1991,XnQ-
201,2124,275,2140,265,2179,191,2163,~nq
